10256795   5   23
10256795   9   30
10256795  18   15
10256795  54    9
10256795  71   75
10256795  83   12
11345204   1   19
11345204  29    5
11345204  37    8
11345204  54   15
11752312  18    4
11752312   2    6
11752312   8    9
11752312  15   25
11752312  18    9
11752312  54   70
11752312  91   22
11752312  94    8
11752312  96    3
11752312 100   30
12984534   1   15
12984534   8   32
12984534  25   14
12984534  29    7
13564321  27    3
13564321  33   50
13564321  42   16
15633298   3   41
15633298   7    5
15633298   8    3
15633298  19    7
15633298  73   16
20567484   2   23
20567484   1   75
20567484   5   32
20567484  12   40
20567484  91   18
24531019  15   29
24531019  45    7
24531019  49    4
24531019  51   19
24531019  63    4
24531019  66   11
24531019  86   12
24531019 100    5
27899623   5  125
35089637  12   10
35089637  18   41
35089637  19   28
41890678   3   10
41890678   7   15
41890678  14    3
41890678  19   45
49002265   3   15
49002265  12    7
49002265  19    5
49002265  29   25
49002265  43   34
54103218   5   11
54103218   1   14
54103218  50   12
54103218 100   51
63897471  14    4
63897471  23    7
68412947   2    9
68412947   7    8
68412947  23   29
75201028   5   16
75201028   7   21
75201028  54   35
