1285.62 11
 745.21  2
 129.95  6
3217.09  1
  75.50  6
 213.12 12
 123.56  1
 751.02  1
1428.36  2
 485.12  6
  28.96  6
4236.12 12
 125.63 11
 410.23  1
  12.85  3
 123.32  2
  27.73  2
1964.00  1
1746.52 11
 135.12 12
  43.32  1
 417.91  6
 424.96  5
 173.55  4
 751.07  5
 428.39  8
 485.12  9
 128.96 10
 236.12  1
 925.63  2
1410.23 12
 442.25  3
 956.35  3
 975.01  6
  32.62  5
 842.27 10
 642.24  4
  32.23  5
 753.12  7
 103.20  9
 705.05 11
  18.60  2
1122.33  1
1020.05  3
 844.00 12
 214.40  7
 369.52  6
2540.94  5
 233.55 12
 809.42  1
